2
2.5
2.9
3.24483
3.55301
3.83446
4.09525
4.33944
4.56988
2.28494
2.72259
3.08989
1
2
3
1.5
2.16667
1.08333
2.00641
3.00641
4.00641
5.00641
6.00641
7.00641
1
2
2.5
2.9
3.24483
1.62241
2.23878
2.68545
3.05783
3.38486
1.69243
1
2
1
2
3
4
5
6
7
8
9
10
5
6
1
2
1
2
2.5
1.25
2.05
2.5378
2.93185
1
1
3
4
5
6
1
2
2.5
2.9
1.45
2.13966
2.60702
2.9906
1
1
3
1.5
1
2
3
4
5
6
7
8
9
4.5
1
2
2.5
3.5
1.75
2.32143
1.16071
2
2.5
3.5
4.5
5.5
2.75
3.75
4.75
2.375
3.375
4.375
5.375
6.375
3.1875
4.1875
5.1875
6.1875
3.09375
4.09375
5.09375
2.54688
3.54688
4.54688
1
2
1
2
2.5
3.5
4.5
5.5
6.5
3.25
4.25
5.25
2.625
3.625
4.625
5.625
2.8125
3.8125
4.8125
5.8125
2.90625
3.90625
4.90625
5.90625
2.95312
3.95312
4.95312
5.95312
2.97656
3.97656
4.97656
5.97656
2.98828
3.98828
4.98828
5.98828
6.98828
3.49414
4.49414
5.49414
2.74707
1
3
4
5
1
2
2.5
1.25
2.05
1
3
4
2
3
4
5
1
2
2.5
2.9
1
3
1.5
2.5
3.5
1
2
3
4
5
2.5
3.5
4.5
5.5
2.75
3.75
4.75
2.375
3.375
4.375
5.375
2.6875
3.6875
1
2
3
4
5
2.5
3.5
4.5
2.25
1
1
3
1
2
3
4
2
3
4
5
2.5
3.5
4.5
5.5
6.5
3.25
4.25
5.25
2.625
3.625
4.625
5.625
2.8125
3.8125
4.8125
5.8125
2.90625
3.90625
4.90625
5.90625
2.95312
3.95312
4.95312
5.95312
2.97656
3.97656
4.97656
5.97656
2.98828
3.98828
4.98828
5.98828
2.99414
3.99414
4.99414
5.99414
2.99707
1
3
4
5
2.5
3.5
4.5
5.5
2.75
3.75
4.75
5.75
2.875
3.875
4.875
5.875
2.9375
3.9375
1
2
3
4
2
3
4
5
6
1
1
2
2.5
2.9
3.24483
4.24483
5.24483
6.24483
7.24483
3.62241
4.62241
5.62241
6.62241
7.62241
8.62241
4.31121
5.31121
6.31121
3.1556
4.1556
5.1556
2.5778
1
3
4
5
6
7
8
9
10
5
6
7
3.5
4.5
5.5
6.5
7.5
3.75
4.75
5.75
2.875
1
3
4
5
6
7
8
4
5
6
1
1
2
2.5
2.9
3.24483
4.24483
5.24483
6.24483
7.24483
8.24483
4.12241
5.12241
6.12241
7.12241
8.12241
4.06121
5.06121
6.06121
3.0306
1
2
1
3
4
1
2
2.5
1
1
2
1
2
3
4
5
1
2
1
3
1.5
2.5
1.25
1
2
3
1.5
2
3
4
5
1
2
2.5
1.25
2.05
2.5378
1.2689
2
1
3
4
1
2
2.5
3.5
4.5
5.5
2.75
3.75
4.75
5.75
6.75
1
1
2
2.5
2.9
1.45
1
2
3
4
5
6
7
8
4
5
6
3
4
5
2.5
1
3
4
5
6
7
3.5
4.5
5.5
6.5
7.5
8.5
9.5
4.75
5.75
6.75
7.75
3.875
4.875
5.875
2.9375
3.9375
4.9375
5.9375
6.9375
7.9375
8.9375
9.9375
4.96875
5.96875
6.96875
7.96875
3.98438
4.98438
5.98438
6.98438
7.98438
8.98438
4.49219
5.49219
6.49219
7.49219
8.49219
4.24609
5.24609
6.24609
7.24609
8.24609
4.12305
5.12305
6.12305
7.12305
8.12305
4.06152
5.06152
6.06152
7.06152
8.06152
4.03076
5.03076
6.03076
3.01538
4.01538
5.01538
2.50769
3.50769
1
2
1
3
4
5
6
7
3.5
4.5
5.5
2.75
3.75
4.75
2.375
3.375
1
2
3
4
5
6
7
3.5
4.5
5.5
2.75
3.75
1
2
3
4
5
6
7
3.5
4.5
5.5
2.75
3.75
4.75
2.375
3.375
4.375
5.375
1
2
2.5
2.9
1
3
4
5
2.5
3.5
4.5
5.5
6.5
7.5
8.5
9.5
1
2
2.5
1
1
2
3
1.5
2.5
3.5
1.75
1
2
1
3
4
5
1
2
1
3
4
5
2.5
1
3
1
2
1
3
4
2
1
3
4
5
6
3
4
5
6
3
4
5
6
3
4
5
6
3
4
5
6
3
4
5
2.5
1
1
3
4
5
6
7
8
4
5
6
3
1
2
3
1
2
3
4
5
6
7
8
4
5
6
3
4
5
6
3
4
5
6
7
8
4
5
6
3
4
5
6
3
4
5
2.5
3.5
1
2
3
4
5
2.5
3.5
4.5
1
2
2.5
1.25
2.05
1
3
1
2
3
4
2
3
4
5
2.5
3.5
4.5
1
2
2.5
3.5
4.5
5.5
2.75
3.75
4.75
5.75
2.875
3.875
4.875
1
2
1
3
1.5
2.5
3.5
4.5
5.5
6.5
7.5
8.5
9.5
10.5
5.25
6.25
1
2
2.5
1
1
1
1
2
3
4
5
6
1
2
2.5
2.9
3.24483
4.24483
2.12241
1
1
3
4
5
6
3
4
5
6
3
4
5
6
3
4
5
6
7
3.5
4.5
5.5
6.5
3.25
4.25
5.25
6.25
3.125
4.125
5.125
6.125
3.0625
4.0625
5.0625
6.0625
3.03125
4.03125
5.03125
2.51562
3.51562
4.51562
1
2
2.5
1
1
2
3
4
5
6
7
8
4
5
1
2
2.5
2.9
3.9
1
1
2
3
4
5
2.5
1
3
4
5
6
7
3.5
4.5
5.5
2.75
3.75
4.75
5.75
6.75
3.375
4.375
1
2
2.5
1
3
1.5
1
2
3
4
5
6
7
3.5
4.5
5.5
2.75
3.75
4.75
5.75
2.875
3.875
4.875
5.875
2.9375
3.9375
4.9375
5.9375
2.96875
3.96875
4.96875
5.96875
2.98438
3.98438
4.98438
5.98438
2.99219
3.99219
4.99219
5.99219
2.99609
3.99609
4.99609
2.49805
3.49805
1
2
3
4
5
2.5
3.5
4.5
5.5
2.75
3.75
4.75
2.375
3.375
4.375
5.375
6.375
3.1875
4.1875
5.1875
2.59375
3.59375
4.59375
5.59375
2.79688
3.79688
4.79688
5.79688
2.89844
3.89844
4.89844
2.44922
3.44922
4.44922
1
2
2.5
1.25
2.05
2.5378
3.5378
4.5378
2.2689
3.2689
4.2689
5.2689
6.2689
3.13445
4.13445
5.13445
2.56723
3.56723
4.56723
2.28361
1
1
3
4
5
6
3
4
5
2.5
3.5
4.5
2.25
1
3
4
5
6
3
4
5
6
3
4
5
2.5
3.5
1
2
3
4
5
2.5
3.5
4.5
5.5
2.75
3.75
4.75
5.75
2.875
3.875
4.875
5.875
2.9375
3.9375
4.9375
2.46875
3.46875
1
2
3
4
5
6
3
4
5
1
2
2.5
2.9
3.9
4.9
2.45
1
3
1
2
3
1
2
3
4
5
6
7
8
9
10
11
12
13
6.5
7.5
8.5
9.5
10.5
11.5
12.5
13.5
14.5
15.5
16.5
17.5
18.5
19.5
20.5
20.5
20.5
20.5
20.5
20.5
20.5
20.5
10.25
11.25
12.25
13.25
14.25
15.25
16.25
17.25
18.25
19.25
20.25
20.25
20.25
20.25
20.25
10.125
11.125
12.125
6.0625
7.0625
8.0625
4.03125
5.03125
6.03125
3.01562
4.01562
5.01562
2.50781
1
3
4
1
2
1
3
4
5
6
3
4
5
1
2
1
2
1
3
4
5
2.5
3.5
1
2
3
4
2
3
4
5
2.5
3.5
4.5
1
2
2.5
1.25
1
2
3
4
5
6
3
4
5
2.5
3.5
1
2
3
4
5
6
7
3.5
4.5
5.5
2.75
3.75
1
2
3
4
5
6
7
3.5
4.5
5.5
2.75
3.75
1
2
3
4
5
2.5
3.5
4.5
5.5
1
2
2.5
2.9
1.45
2.13966
2.60702
1.30351
1
2
3
4
5
6
1
1
2
1
3
4
5
2.5
3.5
4.5
5.5
6.5
7.5
8.5
4.25
5.25
6.25
3.125
4.125
5.125
6.125
7.125
3.5625
4.5625
5.5625
2.78125
3.78125
4.78125
1
2
2.5
1.25
2.05
2.5378
3.5378
4.5378
5.5378
2.7689
3.7689
4.7689
1
2
1
3
1.5
2.5
3.5
4.5
5.5
2.75
3.75
4.75
5.75
2.875
3.875
4.875
5.875
2.9375
3.9375
4.9375
5.9375
2.96875
3.96875
4.96875
5.96875
2.98438
3.98438
4.98438
5.98438
2.99219
3.99219
4.99219
5.99219
2.99609
3.99609
4.99609
5.99609
6.99609
3.49805
4.49805
5.49805
6.49805
1
2
2.5
1.25
2.05
1
3
4
5
6
3
4
5
6
3
4
5
2.5
3.5
4.5
1
2
2.5
3.5
1.75
1
2
3
4
5
6
7
8
9
4.5
5.5
6.5
3.25
4.25
5.25
1
2
2.5
2.9
1.45
2.13966
2.60702
2.9906
3.9906
4.9906
5.9906
6.9906
3.4953
4.4953
5.4953
6.4953
3.24765
4.24765
5.24765
1
2
2.5
1.25
2.05
2.5378
2.93185
3.93185
4.93185
5.93185
2.96592
3.96592
4.96592
2.48296
2.88571
3.88571
4.88571
5.88571
6.88571
7.88571
3.94285
4.94285
5.94285
2.97143
3.97143
4.97143
5.97143
6.97143
7.97143
8.97143
9.97143
10.9714
5.48571
6.48571
7.48571
8.48571
4.24286
5.24286
6.24286
7.24286
3.62143
4.62143
5.62143
6.62143
3.31071
4.31071
5.31071
6.31071
7.31071
3.65536
4.65536
5.65536
2.82768
3.82768
4.82768
2.41384
2.82812
3.82812
4.82812
5.82812
2.91406
3.91406
4.91406
5.91406
6.91406
7.91406
8.91406
4.45703
5.45703
6.45703
3.22851
1
2
3
4
5
6
7
3.5
4.5
5.5
6.5
7.5
8.5
4.25
5.25
6.25
3.125
4.125
1
2
2.5
3.5
4.5
5.5
1
1
2
2.5
2.9
3.9
1.95
2.46282
2.86886
3.86886
4.86886
5.86886
6.86886
3.43443
4.43443
5.43443
6.43443
3.21721
4.21721
5.21721
2.60861
2.99195
3.99195
4.99195
5.99195
6.99195
7.99195
1
1
2
2.5
1.25
2.05
2.5378
2.93185
1
3
4
2
3
4
5
6
7
8
1
1
2
2.5
2.9
1
3
4
5
6
3
4
5
2.5
1
3
4
5
2.5
3.5
4.5
1
2
2.5
3.5
4.5
2.25
2.69444
3.69444
4.69444
2.34722
3.34722
4.34722
2.17361
2.63368
3.63368
4.63368
2.31684
3.31684
4.31684
5.31684
2.65842
3.65842
4.65842
5.65842
2.82921
3.82921
4.82921
5.82921
2.9146
3.9146
4.9146
2.4573
3.4573
4.4573
5.4573
6.4573
3.22865
4.22865
5.22865
2.61433
3.61433
4.61433
2.30716
3.30716
4.30716
1
2
2.5
1
3
4
1
1
2
2.5
3.5
1.75
1
2
3
4
5
1
2
2.5
2.9
1.45
1
2
3
4
5
6
7
3.5
4.5
5.5
2.75
1
3
4
5
6
1
1
2
2.5
1.25
1
2
3
4
5
6
3
4
5
1
2
2.5
1
3
4
2
3
4
5
6
7
8
4
5
6
7
3.5
4.5
5.5
6.5
3.25
4.25
5.25
2.625
3.625
4.625
5.625
2.8125
3.8125
4.8125
5.8125
2.90625
3.90625
4.90625
2.45312
3.45312
4.45312
5.45312
6.45312
3.22656
4.22656
5.22656
2.61328
3.61328
4.61328
5.61328
2.80664
3.80664
4.80664
2.40332
1
3
4
5
6
7
3.5
4.5
5.5
6.5
1
2
1
1
1
2
3
1.5
1
2
1
3
1.5
2.5
3.5
4.5
5.5
6.5
7.5
8.5
9.5
4.75
1
2
1
3
4
2
1
3
4
5
6
3
4
5
2.5
3.5
1
2
1
3
4
5
2.5
3.5
4.5
5.5
2.75
3.75
4.75
2.375
1
3
4
2
1
2
3
1.5
2.5
3.5
4.5
5.5
2.75
3.75
4.75
5.75
2.875
3.875
4.875
5.875
2.9375
3.9375
4.9375
5.9375
2.96875
3.96875
4.96875
5.96875
2.98438
3.98438
4.98438
5.98438
2.99219
3.99219
4.99219
5.99219
2.99609
3.99609
4.99609
5.99609
2.99805
3.99805
4.99805
2.49902
3.49902
1
2
3
4
2
1
3
4
5
6
3
4
5
6
3
4
5
2.5
3.5
1
2
3
4
5
2.5
3.5
4.5
5.5
2.75
3.75
4.75
2.375
3.375
4.375
5.375
6.375
3.1875
4.1875
5.1875
2.59375
3.59375
4.59375
5.59375
2.79688
3.79688
4.79688
5.79688
2.89844
3.89844
4.89844
5.89844
2.94922
3.94922
4.94922
5.94922
2.97461
3.97461
4.97461
5.97461
2.9873
3.9873
4.9873
5.9873
2.99365
3.99365
4.99365
5.99365
2.99683
3.99683
4.99683
5.99683
2.99841
3.99841
4.99841
5.99841
2.99921
3.99921
4.99921
5.99921
2.9996
3.9996
4.9996
5.9996
2.9998
3.9998
4.9998
5.9998
2.9999
3.9999
4.9999
5.9999
2.99995
3.99995
4.99995
5.99995
2.99998
3.99998
4.99998
5.99998
2.99999
3.99999
4.99999
5.99999
2.99999
3.99999
4.99999
5.99999
3
4
5
6
3
4
5
6
3
4
5
6
3
4
5
6
3
4
5
6
3
4
5
6
3
4
5
2.5
3.5
1
2
3
4
5
2.5
3.5
4.5
5.5
2.75
3.75
4.75
2.375
3.375
4.375
5.375
2.6875
3.6875
1
2
1
3
1
1
2
3
4
5
6
3
4
5
6
3
4
5
6
3
4
5
6
3
4
5
6
3
1
2
3
4
1
2
1
2
2.5
3.5
4.5
2.25
3.25
4.25
5.25
2.625
3.625
4.625
2.3125
3.3125
4.3125
5.3125
6.3125
3.15625
4.15625
5.15625
2.57812
3.57812
4.57812
5.57812
2.78906
3.78906
4.78906
5.78906
2.89453
3.89453
4.89453
5.89453
6.89453
3.44727
1
2
3
1.5
2.16667
3.16667
4.16667
2.08333
3.08333
1
2
3
1
2
3
1.5
2.16667
3.16667
4.16667
2.08333
3.08333
4.08333
5.08333
6.08333
3.04167
4.04167
5.04167
2.52083
1
1
3
4
5
6
3
4
5
2.5
3.5
4.5
5.5
6.5
3.25
4.25
5.25
2.625
3.625
4.625
5.625
2.8125
3.8125
4.8125
2.40625
3.40625
1
2
3
4
5
2.5
3.5
4.5
5.5
2.75
3.75
4.75
2.375
3.375
4.375
5.375
6.375
3.1875
4.1875
5.1875
2.59375
3.59375
4.59375
5.59375
2.79688
3.79688
4.79688
5.79688
2.89844
3.89844
4.89844
5.89844
2.94922
3.94922
4.94922
5.94922
2.97461
3.97461
4.97461
5.97461
2.9873
3.9873
4.9873
5.9873
2.99365
1
3
4
5
6
3
4
5
6
3
4
5
6
3
4
5
6
3
4
5
6
3
4
5
2.5
1
3
4
5
6
3
4
5
6
3
4
5
6
3
4
5
6
3
4
5
1
2
2.5
1.25
2.05
2.5378
3.5378
4.5378
2.2689
2.70964
3.70964
4.70964
5.70964
2.85482
3.85482
4.85482
2.42741
2.83937
3.83937
4.83937
5.83937
2.91969
3.91969
4.91969
2.45984
2.86637
3.86637
4.86637
5.86637
2.93319
3.93319
4.93319
2.46659
2.87201
3.87201
4.87201
5.87201
2.93601
3.93601
4.93601
2.468
2.87319
3.87319
4.87319
5.87319
2.93659
3.93659
4.93659
2.4683
2.87343
3.87343
4.87343
5.87343
2.93672
3.93672
4.93672
2.46836
2.87349
3.87349
4.87349
1
1
2
2.5
3.5
4.5
2.25
2.69444
3.69444
4.69444
5.69444
2.84722
3.84722
4.84722
2.42361
2.83622
3.83622
4.83622
2.41811
2.83166
1
3
4
5
2.5
3.5
4.5
5.5
2.75
3.75
4.75
2.375
3.375
4.375
5.375
6.375
3.1875
4.1875
5.1875
2.59375
3.59375
4.59375
5.59375
2.79688
3.79688
4.79688
5.79688
2.89844
3.89844
4.89844
5.89844
2.94922
3.94922
4.94922
5.94922
2.97461
3.97461
4.97461
2.4873
3.4873
4.4873
1
2
2.5
1.25
2.05
2.5378
3.5378
1.7689
2.33422
3.33422
4.33422
2.16711
2.62856
3.62856
4.62856
5.62856
2.81428
3.81428
4.81428
2.40714
3.40714
4.40714
5.40714
6.40714
3.20357
4.20357
5.20357
2.60178
3.60178
4.60178
5.60178
2.80089
3.80089
4.80089
5.80089
2.90045
3.90045
4.90045
5.90045
2.95022
3.95022
4.95022
5.95022
2.97511
3.97511
4.97511
5.97511
2.98756
3.98756
4.98756
5.98756
2.99378
3.99378
4.99378
5.99378
2.99689
3.99689
4.99689
2.49844
1
3
4
5
2.5
3.5
4.5
5.5
6.5
3.25
4.25
5.25
2.625
3.625
4.625
5.625
2.8125
3.8125
4.8125
5.8125
2.90625
3.90625
4.90625
5.90625
2.95312
3.95312
4.95312
5.95312
2.97656
3.97656
4.97656
5.97656
2.98828
3.98828
4.98828
5.98828
2.99414
3.99414
4.99414
5.99414
2.99707
3.99707
4.99707
5.99707
2.99854
3.99854
4.99854
5.99854
2.99927
3.99927
4.99927
5.99927
2.99963
3.99963
4.99963
