2
1
3
4
2
3
1
2
3
4
5
6
3
4
5
2.5
3.5
1
2
3
4
5
2.5
3.5
1
2
1
1
1
3
4
2
1
1
3
4
5
1
1
2
1
1
1
3
1.5
2.5
1
3
1
2
1
3
1
2
3
1
2
1
2
3
4
1
2
1
3
4
5
6
3
1
2
1
3
4
1
2
2.5
1
1
2
3
4
5
6
7
3.5
4.5
5.5
6.5
7.5
8.5
4.25
5.25
6.25
3.125
4.125
5.125
2.5625
3.5625
1
2
3
4
5
6
7
8
9
10
5
6
7
3.5
4.5
1
2
2.5
1
1
1
3
4
2
3
1
2
3
1
1
2
3
1
2
3
4
1
2
2.5
1
3
4
1
1
2
2.5
1
3
1.5
1
2
3
1.5
1
2
3
4
5
2.5
3.5
4.5
5.5
2.75
3.75
4.75
1
2
1
1
2
1
1
3
4
5
6
1
1
2
1
1
3
4
5
2.5
3.5
1
2
1
3
4
5
6
3
4
1
2
1
2
2.5
3.5
4.5
2.25
3.25
4.25
5.25
6.25
7.25
8.25
4.125
5.125
1
2
1
2
1
1
3
4
5
1
1
2
2.5
1
1
1
2
3
4
5
2.5
3.5
1
2
1
3
4
2
1
3
4
5
6
3
4
1
1
2
2.5
3.5
4.5
2.25
3.25
1
2
3
1
1
2
3
4
5
1
2
2.5
2.9
3.9
1.95
2.46282
2.86886
1
3
4
5
6
3
4
1
2
2.5
1
1
1
1
1
2
1
3
4
5
6
7
3.5
4.5
5.5
6.5
7.5
3.75
4.75
5.75
2.875
1
3
4
1
2
1
3
4
5
6
7
3.5
4.5
5.5
2.75
3.75
1
2
1
3
4
2
3
4
5
6
7
8
9
10
11
1
1
2
1
1
1
2
3
4
1
2
2.5
1.25
1
2
3
1
2
1
3
1.5
2.5
1.25
1
2
3
1
2
3
4
5
6
7
8
4
5
6
7
8
4
5
6
3
4
1
2
1
3
4
2
3
4
5
6
3
4
5
2.5
1
3
4
5
6
7
3.5
4.5
5.5
1
2
1
1
2
3
4
5
2.5
3.5
1
2
3
4
5
6
3
4
5
1
2
1
1
2
3
1
2
3
4
5
1
2
1
2
1
1
3
1
2
1
2
1
2
3
4
5
2.5
1
1
3
4
5
6
1
1
2
2.5
1
3
1
2
3
1.5
2.16667
1
3
4
2
3
4
1
2
2.5
1.25
2.05
3.05
1.525
1
2
3
4
5
2.5
3.5
4.5
1
2
2.5
3.5
4.5
2.25
1
3
4
5
2.5
3.5
1
2
3
1
2
3
4
5
6
3
4
1
2
2.5
1
1
1
2
1
1
2
3
1
2
1
3
4
5
1
2
2.5
2.9
3.9
4.9
2.45
1
3
4
1
2
2.5
1.25
2
2.5
1.25
2.05
3.05
4.05
2.025
3.025
4.025
5.025
1
2
1
1
3
4
2
3
4
1
2
2.5
1
3
1.5
2.5
3.5
4.5
5.5
1
2
1
1
3
1.5
1
2
3
4
5
2.5
3.5
1
2
1
1
1
1
2
1
3
4
1
2
2.5
1.25
1
2
3
4
5
6
7
1
1
2
2.5
2.9
3.24483
1.62241
2.23878
1
1
3
4
2
3
4
5
6
3
4
1
2
1
1
3
4
5
2.5
1
1
1
3
1.5
1
2
3
4
5
6
3
4
5
6
1
1
2
2.5
2.9
3.24483
4.24483
1
2
1
1
2
1
3
4
5
6
3
4
1
2
2.5
3.5
4.5
5.5
6.5
3.25
4.25
5.25
2.625
3.625
1
2
3
4
5
6
3
4
5
6
7
1
2
1
3
4
5
6
3
4
1
2
2.5
1.25
2.05
1
1
2
1
2
3
4
5
6
7
8
9
4.5
1
2
2.5
3.5
4.5
5.5
1
1
2
2.5
2.9
1.45
1
2
3
4
5
6
3
4
5
1
1
2
2.5
2.9
1
3
1.5
1
2
3
4
5
2.5
3.5
1
2
1
3
1.5
2.5
1
3
4
2
3
4
1
2
2.5
1.25
1
2
3
4
5
6
3
4
5
2.5
3.5
4.5
1
2
2.5
1.25
1
2
3
1
2
3
1
2
3
4
5
1
2
1
2
2.5
1
1
2
3
1
2
1
3
1.5
2.5
3.5
4.5
2.25
3.25
1
2
1
1
3
4
5
6
3
4
1
2
1
1
2
3
4
5
6
3
4
1
2
2.5
3.5
1
2
1
3
1.5
1
2
3
4
5
1
2
1
2
1
1
3
4
5
2.5
3.5
4.5
5.5
2.75
3.75
4.75
2.375
3.375
4.375
5.375
2.6875
3.6875
4.6875
1
2
2.5
1.25
2.05
2.5378
1
1
2
3
4
5
6
3
4
5
2.5
3.5
4.5
1
2
1
1
3
4
1
1
2
2.5
1
1
3
4
2
1
3
4
5
2.5
1
3
1
2
3
1
2
3
1.5
2.16667
3.16667
1
2
3
1.5
1
2
3
4
5
6
3
4
5
1
2
2.5
1.25
1
2
1
3
4
2
1
1
3
4
5
6
7
3.5
4.5
1
2
2.5
1
1
2
3
1
2
3
4
2
3
1
2
3
4
5
6
7
8
4
5
6
7
8
4
5
6
7
3.5
1
2
3
4
5
1
1
2
2.5
1
3
4
1
2
2.5
1
1
2
1
3
1
2
1
1
1
2
1
3
4
5
6
7
3.5
4.5
5.5
6.5
3.25
4.25
5.25
6.25
3.125
4.125
5.125
1
1
2
2.5
1
3
4
5
6
7
3.5
4.5
1
2
2.5
1
3
1
2
1
2
3
4
1
1
2
1
3
4
5
2.5
3.5
1
2
3
4
1
1
2
2.5
1
3
1.5
2.5
3.5
1.75
2.75
3.75
4.75
1
2
1
1
1
2
1
3
4
5
2.5
1
1
3
1
2
3
4
5
6
3
4
5
6
3
4
5
1
2
2.5
1
1
2
3
4
1
2
1
2
1
3
4
5
6
3
4
5
6
1
2
1
3
1.5
2.5
3.5
4.5
5.5
2.75
3.75
4.75
1
2
2.5
3.5
1
2
3
1.5
1
2
1
3
1
2
3
4
5
6
3
4
5
2.5
3.5
1
2
3
4
2
1
1
1
3
4
1
2
1
2
1
3
4
5
6
3
1
2
3
4
1
2
2.5
3.5
1
2
1
2
1
1
2
1
1
3
1
2
3
1.5
1
2
3
4
5
2.5
3.5
4.5
1
2
2.5
3.5
4.5
2.25
2.69444
3.69444
4.69444
2.34722
1
1
3
4
5
6
3
4
5
1
2
1
2
2.5
2.9
3.9
4.9
5.9
6.9
7.9
8.9
4.45
5.45
6.45
3.225
1
2
3
1
2
3
1
2
3
1.5
1
2
1
3
4
5
6
7
1
1
2
1
3
1
2
1
1
2
1
3
4
5
6
3
4
5
2.5
3.5
4.5
2.25
3.25
1
2
1
3
4
5
2.5
3.5
4.5
5.5
2.75
3.75
4.75
2.375
3.375
1
2
3
4
5
6
3
4
5
6
7
3.5
4.5
5.5
6.5
7.5
1
1
2
2.5
1.25
2.05
2.5378
1.2689
1
2
1
1
3
1.5
2.5
3.5
4.5
5.5
2.75
1
3
4
1
2
2.5
3.5
4.5
5.5
2.75
1
1
3
4
1
1
2
2.5
3.5
4.5
5.5
6.5
1
2
1
2
2.5
1
1
2
1
1
1
2
3
1.5
1
2
1
1
3
1
2
1
3
4
5
2.5
3.5
4.5
1
2
1
2
1
3
1
2
3
1.5
1
2
1
2
1
3
1.5
2.5
1
3
1
2
1
3
4
5
6
3
4
5
2.5
3.5
1
2
3
1.5
2.16667
1
3
4
5
6
7
3.5
1
2
3
1
2
1
3
4
1
2
1
2
1
1
2
3
4
5
6
7
8
1
1
2
2.5
1
1
3
4
2
3
4
1
2
2.5
1.25
1
2
3
1
2
3
1
2
1
3
1
2
3
1
2
1
2
3
1
2
3
1
2
3
1.5
2.16667
1
3
4
5
6
7
3.5
4.5
5.5
1
1
2
2.5
1
1
1
3
1.5
2.5
1
3
1.5
1
2
1
1
3
4
5
6
7
3.5
4.5
5.5
1
2
2.5
2.9
1
3
1
2
1
1
3
1
2
3
4
5
2.5
3.5
4.5
5.5
2.75
3.75
4.75
5.75
6.75
3.375
4.375
5.375
2.6875
3.6875
4.6875
1
2
1
1
2
1
3
4
5
2.5
1
3
4
1
2
2.5
3.5
4.5
5.5
2.75
1
3
1.5
1
2
3
1
2
3
4
1
2
2.5
3.5
4.5
2.25
3.25
4.25
2.125
3.125
4.125
5.125
1
2
2.5
1.25
2.05
2.5378
2.93185
3.93185
1
1
2
3
4
5
6
7
8
4
5
6
1
1
2
2.5
1
1
1
2
3
4
5
6
7
3.5
4.5
5.5
2.75
1
3
1
2
3
1.5
1
2
3
4
5
6
1
2
1
3
4
2
3
4
5
6
3
4
1
2
2.5
1
3
4
1
1
2
2.5
3.5
1.75
1
2
3
4
5
6
3
4
5
2.5
3.5
4.5
1
2
1
1
3
4
5
1
2
2.5
1.25
2.05
2.5378
1
3
4
1
2
1
3
4
2
3
4
5
1
2
2.5
1.25
2.05
2.5378
1
1
2
1
3
4
2
3
4
5
1
1
2
2.5
2.9
1
3
1.5
2.5
3.5
4.5
2.25
3.25
4.25
5.25
2.625
3.625
1
2
3
1
2
1
3
1.5
2.5
3.5
1.75
2.75
1
3
4
5
2.5
3.5
1
2
1
1
1
2
3
4
5
6
7
3.5
4.5
5.5
2.75
3.75
4.75
5.75
2.875
3.875
4.875
1
2
2.5
3.5
1.75
2.32143
1
3
1
2
1
2
1
2
3
4
5
6
3
4
5
6
3
4
5
2.5
3.5
4.5
5.5
6.5
3.25
4.25
5.25
6.25
7.25
3.625
4.625
5.625
2.8125
3.8125
1
2
3
4
2
1
3
4
5
1
1
2
2.5
2.9
1
3
1.5
2.5
1
3
4
2
1
3
4
1
2
1
2
2.5
3.5
4.5
2.25
1
1
1
3
4
5
6
7
3.5
4.5
5.5
2.75
1
3
4
5
6
3
4
5
6
3
4
5
6
3
4
5
6
3
1
2
3
4
5
6
3
1
2
3
4
5
6
3
4
5
2.5
3.5
1
2
1
1
1
3
4
2
3
4
5
2.5
3.5
4.5
2.25
3.25
1
2
3
4
2
3
1
2
1
1
3
4
5
6
3
4
1
2
2.5
3.5
4.5
2.25
3.25
4.25
2.125
3.125
4.125
1
2
2.5
1.25
1
2
3
1
2
3
4
5
6
3
4
5
6
3
4
5
6
1
2
1
3
1.5
2.5
3.5
4.5
5.5
6.5
3.25
4.25
5.25
6.25
3.125
4.125
5.125
2.5625
1
1
3
4
5
2.5
3.5
4.5
5.5
6.5
3.25
4.25
1
2
1
2
2.5
3.5
4.5
1
1
2
1
3
1
2
1
1
3
1.5
2.5
1
3
4
5
2.5
1
3
4
5
1
1
2
2.5
2.9
3.9
4.9
5.9
6.9
7.9
8.9
9.9
10.9
11.9
12.9
13.9
14.9
7.45
8.45
9.45
4.725
5.725
1
2
1
2
2.5
2.9
1.45
1
2
1
1
3
1
2
3
4
5
2.5
3.5
4.5
1
2
2.5
1
1
2
1
3
4
5
2.5
3.5
4.5
5.5
2.75
1
1
1
3
4
5
2.5
3.5
4.5
5.5
2.75
3.75
4.75
2.375
3.375
4.375
5.375
2.6875
3.6875
1
2
3
4
5
2.5
3.5
4.5
1
2
2.5
1
1
2
3
4
5
6
7
3.5
4.5
5.5
2.75
3.75
1
2
3
1
2
3
1
2
1
1
2
3
4
5
6
3
4
5
2.5
1
1
1
3
4
5
2.5
3.5
4.5
5.5
2.75
3.75
1
2
3
1.5
1
2
3
4
5
2.5
3.5
1
2
1
3
4
5
2.5
3.5
4.5
5.5
2.75
3.75
1
2
3
1
2
1
2
1
1
3
4
2
1
1
3
4
5
6
3
4
5
6
3
4
5
6
3
4
5
2.5
1
3
1
2
3
4
5
2.5
3.5
4.5
5.5
2.75
3.75
1
2
1
1
3
1.5
2.5
3.5
4.5
2.25
3.25
4.25
1
2
1
2
2.5
1
1
1
2
3
4
5
2.5
1
3
4
1
2
1
2
1
3
4
5
2.5
3.5
4.5
2.25
3.25
4.25
2.125
1
1
3
4
5
2.5
3.5
4.5
1
2
1
3
1.5
2.5
3.5
4.5
2.25
3.25
1
2
3
4
5
2.5
3.5
4.5
1
2
1
1
2
3
4
5
2.5
3.5
1
2
3
4
5
2.5
3.5
4.5
5.5
2.75
3.75
4.75
2.375
1
3
4
1
2
1
1
3
1.5
2.5
3.5
4.5
2.25
3.25
1
2
1
3
4
2
3
4
2
1
3
4
5
2.5
3.5
4.5
5.5
6.5
3.25
4.25
5.25
2.625
1
3
1
2
1
1
2
3
4
5
6
3
4
5
2.5
3.5
1
2
3
4
5
2.5
3.5
4.5
1
1
2
1
3
4
5
2.5
1
3
1
2
3
4
5
1
1
2
2.5
1
3
1
1
2
3
4
5
6
3
1
2
3
1
2
1
1
2
1
1
3
4
5
6
7
3.5
4.5
5.5
6.5
7.5
3.75
4.75
5.75
2.875
1
1
3
1
2
3
4
2
1
3
4
5
6
3
4
5
1
1
2
1
3
4
5
6
1
1
2
2.5
2.9
1
3
4
5
2.5
3.5
4.5
1
1
2
2.5
1
