2
2.5
1
3
4
2
1
3
4
5
6
7
3.5
4.5
5.5
6.5
7.5
3.75
4.75
1
2
2.5
1.25
1
2
3
4
2
3
4
5
6
7
8
1
2
1
3
1.5
2.5
1
3
4
1
2
1
3
1.5
2
1
3
4
2
3
4
1
2
2.5
1.25
2.05
3.05
1.525
2.18074
3.18074
4.18074
5.18074
6.18074
7.18074
8.18074
4.09037
5.09037
6.09037
3.04518
4.04518
5.04518
6.04518
3.02259
4.02259
5.02259
2.5113
3.5113
4.5113
5.5113
2.75565
3.75565
4.75565
5.75565
6.75565
3.37782
4.37782
5.37782
6.37782
7.37782
3.68891
4.68891
5.68891
2.84446
3.84446
4.84446
5.84446
2.92223
3.92223
4.92223
5.92223
6.92223
7.92223
3.96111
4.96111
5.96111
2.98056
3.98056
1
2
3
4
5
2.5
3.5
4.5
5.5
6.5
3.25
4.25
5.25
2.625
3.625
4.625
2.3125
3.3125
4.3125
2.15625
1
3
4
5
6
7
8
9
10
5
6
7
3.5
1
2
3
4
5
6
3
4
5
6
7
3.5
4.5
5.5
2.75
3.75
4.75
5.75
1
2
2.5
2.9
1.45
2.13966
2.60702
2.9906
1
1
3
4
5
2.5
3.5
4.5
5.5
6.5
7.5
8.5
1
2
2.5
1.25
2.05
2.5378
1.2689
2.05699
1
3
4
5
6
1
1
2
2.5
2.9
3.24483
4.24483
5.24483
6.24483
7.24483
8.24483
9.24483
10.2448
5.12241
6.12241
1
2
2.5
2.9
3.24483
4.24483
2.12241
1
3
4
5
6
3
4
5
6
7
3.5
4.5
5.5
6.5
3.25
4.25
5.25
6.25
3.125
4.125
5.125
6.125
1
2
1
3
1
2
1
3
4
1
2
2.5
3.5
4.5
5.5
6.5
7.5
1
2
1
2
1
1
2
1
2
3
4
5
6
7
8
4
5
6
7
8
9
10
1
1
2
2.5
1.25
1
2
3
4
5
6
7
3.5
4.5
5.5
2.75
1
1
3
1
2
1
3
4
5
6
7
3.5
1
2
3
4
5
6
7
8
9
10
11
1
2
2.5
2.9
3.24483
3.55301
3.83446
4.09525
4.33944
4.56988
1
2
2.5
1.25
2.05
2.5378
3.5378
4.5378
2.2689
2.70964
3.70964
4.70964
5.70964
6.70964
7.70964
8.70964
9.70964
10.7096
11.7096
1
2
1
2
2.5
2.9
3.24483
3.55301
3.83446
4.09525
4.33944
4.56988
4.78871
1
2
2.5
1.25
2.05
2.5378
3.5378
4.5378
5.5378
2.7689
1
3
4
5
6
7
8
4
5
6
7
8
4
5
6
7
8
4
5
6
7
8
9
4.5
5.5
6.5
7.5
3.75
4.75
5.75
6.75
7.75
3.875
4.875
5.875
6.875
3.4375
4.4375
5.4375
2.71875
3.71875
4.71875
5.71875
2.85938
3.85938
4.85938
5.85938
2.92969
3.92969
4.92969
5.92969
2.96484
3.96484
4.96484
5.96484
2.98242
3.98242
4.98242
5.98242
6.98242
3.49121
4.49121
5.49121
2.74561
1
3
4
5
6
3
4
5
2.5
3.5
4.5
5.5
2.75
3.75
4.75
5.75
2.875
3.875
4.875
5.875
2.9375
3.9375
4.9375
5.9375
6.9375
3.46875
4.46875
5.46875
1
2
1
1
2
3
1.5
2.5
1.25
2.25
3.25
4.25
5.25
6.25
1
2
2.5
1
1
2
3
4
2
3
4
1
2
2.5
3.5
1.75
2.32143
3.32143
4.32143
5.32143
2.66071
3.66071
4.66071
5.66071
2.83036
3.83036
4.83036
2.41518
3.41518
4.41518
5.41518
2.70759
3.70759
4.70759
5.70759
2.85379
3.85379
4.85379
5.85379
2.9269
3.9269
4.9269
5.9269
6.9269
3.46345
4.46345
5.46345
2.73172
3.73172
4.73172
5.73172
2.86586
3.86586
4.86586
5.86586
6.86586
3.43293
4.43293
5.43293
2.71647
3.71647
4.71647
5.71647
2.85823
3.85823
4.85823
5.85823
2.92912
3.92912
4.92912
5.92912
2.96456
3.96456
4.96456
5.96456
2.98228
3.98228
4.98228
5.98228
2.99114
3.99114
4.99114
5.99114
2.99557
3.99557
4.99557
5.99557
6.99557
3.49778
4.49778
5.49778
6.49778
7.49778
3.74889
4.74889
5.74889
6.74889
7.74889
3.87445
4.87445
5.87445
6.87445
7.87445
3.93722
4.93722
5.93722
6.93722
7.93722
8.93722
9.93722
4.96861
5.96861
6.96861
7.96861
8.96861
9.96861
10.9686
11.9686
12.9686
13.9686
6.98431
7.98431
8.98431
1
1
2
2.5
1.25
2.05
2.5378
2.93185
3.27293
3.57847
3.85791
1.92896
2.44737
2.85597
3.20612
3.51802
3.80227
4.06527
2.03264
2.52461
2.92071
3.26309
3.56955
1.78477
2.34507
2.7715
3.13231
3.45157
1.72578
2.30523
2.73903
3.10412
3.42627
3.71813
3.98709
1.99354
2.49516
2.89594
3.24125
3.54977
1.77489
2.3383
2.76596
3.1275
3.44725
3.73733
4.0049
4.2546
2.1273
2.59738
2.98238
3.31768
3.6191
3.89541
4.15212
2.07606
2.55774
2.94871
3.28784
3.59199
3.87039
4.12876
2.06438
2.54879
2.94113
3.28114
3.58591
3.86478
4.12353
1
2
2.5
1
1
2
3
4
1
2
2.5
3.5
4.5
5.5
2.75
3.75
4.75
2.375
3.375
4.375
5.375
6.375
7.375
3.6875
4.6875
5.6875
6.6875
7.6875
3.84375
4.84375
5.84375
6.84375
1
2
2.5
1.25
2.05
2.5378
2.93185
1
3
4
5
6
7
3.5
4.5
5.5
6.5
7.5
8.5
9.5
4.75
5.75
6.75
7.75
8.75
4.375
5.375
6.375
7.375
3.6875
4.6875
5.6875
6.6875
7.6875
8.6875
9.6875
4.84375
5.84375
6.84375
7.84375
8.84375
9.84375
4.92188
5.92188
6.92188
7.92188
8.92188
9.92188
10.9219
5.46094
6.46094
7.46094
3.73047
4.73047
5.73047
6.73047
7.73047
8.73047
9.73047
10.7305
11.7305
1
1
2
2.5
1.25
2.05
1
1
3
1
2
3
4
5
6
7
1
2
2.5
2.9
1.45
2.13966
2.60702
2.9906
3.32498
1.66249
2.264
2.70569
3.07529
1.53764
2.18799
2.64503
3.0231
3.35388
3.65205
4.65205
2.32602
2.75594
3.11879
3.43943
1.71972
2.30121
2.73576
3.10129
3.42374
1.71187
2.29603
2.73156
3.09765
3.42048
3.71283
1.85642
2.39509
2.81261
3.16815
1.58408
2.21536
2.66675
3.04174
3.3705
3.66719
1.8336
2.37897
2.79932
3.15655
3.47335
1.73668
2.31249
2.74492
3.10923
3.43086
3.72233
1.86116
2.39846
2.8154
3.17059
1.58529
2.21609
2.66734
3.04224
1.52112
2.17853
2.63756
3.01669
3.34818
1.67409
2.27143
2.71168
3.08046
1.54023
2.18948
2.64621
3.02411
3.35479
3.65287
1.82643
2.37395
2.79519
3.15295
1.57647
2.2108
2.66313
3.03862
3.36772
3.66466
1.83233
2.37808
2.79859
3.15591
1.57796
2.21169
2.66383
3.03923
1.51961
2.17768
2.63688
3.01612
3.34767
3.64638
1.82319
2.37168
2.79332
3.15132
3.46865
1.73432
2.31092
2.74365
3.10812
1.55406
2.19754
2.65259
3.02958
1.51479
2.17495
2.63473
3.01427
3.34603
3.64489
1.82245
2.37116
2.79289
3.15095
1.57547
2.2102
2.66265
3.03822
1.51911
2.17739
2.63665
3.01592
3.3475
3.64623
4.64623
5.64623
2.82311
3.17733
3.49206
3.77843
4.77843
2.38921
2.80776
3.16392
3.47998
3.76734
4.76734
2.38367
2.80319
3.15993
3.47639
3.76404
4.76404
5.76404
2.88202
3.229
3.53869
4.53869
2.26935
2.71
3.07901
3.40379
3.69758
4.69758
2.34879
2.77454
3.13496
3.45394
3.74347
4.74347
5.74347
2.87173
3.21996
3.53052
4.53052
5.53052
2.76526
3.12689
3.4467
3.73683
4.73683
5.73683
2.86841
3.21704
3.52788
4.52788
5.52788
2.76394
3.12574
3.44567
3.73589
4.73589
5.73589
2.86794
3.21663
3.52751
1.76376
1
2
3
4
5
6
7
3.5
4.5
5.5
2.75
3.75
4.75
1
2
2.5
3.5
4.5
2.25
2.69444
3.69444
4.69444
2.34722
2.77326
3.77326
4.77326
2.38663
3.38663
4.38663
5.38663
6.38663
3.19331
4.19331
5.19331
2.59666
3.59666
4.59666
5.59666
2.79833
3.79833
4.79833
2.39916
3.39916
1
2
3
4
5
2.5
3.5
4.5
5.5
2.75
3.75
4.75
2.375
3.375
4.375
5.375
6.375
3.1875
4.1875
5.1875
2.59375
3.59375
4.59375
5.59375
2.79688
3.79688
4.79688
5.79688
2.89844
3.89844
4.89844
5.89844
2.94922
3.94922
4.94922
2.47461
3.47461
1
2
3
4
5
2.5
3.5
4.5
5.5
2.75
3.75
4.75
2.375
3.375
4.375
5.375
6.375
3.1875
4.1875
5.1875
2.59375
3.59375
4.59375
5.59375
2.79688
3.79688
4.79688
5.79688
2.89844
3.89844
4.89844
5.89844
2.94922
3.94922
4.94922
5.94922
2.97461
3.97461
4.97461
5.97461
2.9873
3.9873
4.9873
5.9873
2.99365
3.99365
4.99365
5.99365
2.99683
3.99683
4.99683
5.99683
2.99841
3.99841
4.99841
5.99841
2.99921
1
3
4
5
6
3
4
5
2.5
3.5
4.5
5.5
6.5
3.25
4.25
5.25
2.625
3.625
4.625
5.625
2.8125
3.8125
4.8125
5.8125
2.90625
3.90625
4.90625
5.90625
2.95312
3.95312
4.95312
5.95312
2.97656
3.97656
4.97656
5.97656
2.98828
3.98828
4.98828
5.98828
2.99414
3.99414
4.99414
5.99414
2.99707
3.99707
4.99707
5.99707
2.99854
3.99854
4.99854
5.99854
6.99854
3.49927
4.49927
5.49927
6.49927
7.49927
3.74963
4.74963
5.74963
2.87482
3.87482
1
2
3
4
2
3
4
5
2.5
3.5
1
2
3
4
2
1
2
3
4
5
6
3
4
5
6
3
4
5
6
7
3.5
4.5
5.5
2.75
3.75
4.75
5.75
6.75
3.375
4.375
5.375
2.6875
3.6875
4.6875
5.6875
6.6875
3.34375
4.34375
5.34375
6.34375
3.17188
4.17188
5.17188
6.17188
3.08594
4.08594
5.08594
6.08594
3.04297
4.04297
5.04297
1
2
1
2
2.5
1.25
2.05
1
3
1.5
1
2
3
1
1
2
3
4
5
6
3
4
5
6
3
4
5
6
3
4
5
6
3
4
5
6
3
4
5
6
3
4
5
6
3
4
5
6
3
4
5
6
3
4
5
6
3
4
5
6
3
4
5
6
3
4
5
2.5
1
3
4
5
2.5
3.5
4.5
5.5
2.75
3.75
4.75
5.75
2.875
3.875
4.875
5.875
2.9375
3.9375
4.9375
5.9375
2.96875
3.96875
4.96875
5.96875
2.98438
3.98438
4.98438
5.98438
2.99219
3.99219
4.99219
5.99219
2.99609
3.99609
4.99609
5.99609
2.99805
3.99805
4.99805
5.99805
2.99902
3.99902
4.99902
5.99902
2.99951
3.99951
4.99951
5.99951
2.99976
3.99976
4.99976
5.99976
2.99988
3.99988
4.99988
5.99988
2.99994
3.99994
4.99994
5.99994
2.99997
3.99997
4.99997
5.99997
2.99998
3.99998
4.99998
5.99998
2.99999
3.99999
4.99999
5.99999
3
4
5
2.5
1
3
4
5
6
3
4
5
6
3
4
5
6
3
4
5
6
3
4
5
6
3
4
5
6
3
4
5
6
3
4
5
6
3
4
5
6
3
4
5
6
3
4
5
6
3
4
5
6
3
4
5
6
3
4
5
6
3
4
5
6
3
4
5
6
3
4
5
6
3
4
5
6
3
4
5
6
3
4
5
6
3
4
5
6
3
4
5
6
3
4
5
6
3
4
5
6
3
4
5
6
3
4
5
6
3
4
5
6
3
4
5
6
3
4
5
6
3
4
5
6
3
4
5
2.5
3.5
1
2
3
4
2
3
4
5
6
3
4
5
6
7
3.5
4.5
5.5
2.75
3.75
4.75
5.75
6.75
7.75
3.875
4.875
5.875
6.875
7.875
8.875
4.4375
5.4375
6.4375
3.21875
4.21875
1
2
2.5
3.5
1.75
1
2
3
4
5
6
7
8
4
1
2
2.5
1.25
2.05
3.05
1.525
2.18074
3.18074
4.18074
5.18074
2.59037
3.59037
4.59037
2.29518
3.29518
4.29518
5.29518
1
2
1
2
2.5
2.9
3.9
4.9
5.9
2.95
3.95
4.95
5.95
6.95
3.475
1
2
1
3
4
5
2.5
3.5
4.5
5.5
2.75
3.75
1.875
2.875
1
1
3
1.5
1
2
3
4
1
2
2.5
1
3
1.5
2.5
3.5
4.5
5.5
6.5
3.25
4.25
5.25
6.25
3.125
4.125
5.125
6.125
3.0625
4.0625
5.0625
2.53125
3.53125
4.53125
5.53125
2.76562
3.76562
4.76562
5.76562
2.88281
3.88281
4.88281
5.88281
2.94141
1
3
4
5
6
3
4
5
6
3
4
5
6
3
4
5
6
3
4
5
6
3
4
5
6
7
3.5
4.5
5.5
2.75
3.75
4.75
5.75
2.875
3.875
1
2
3
4
2
1
2
1
3
1.5
1
2
3
1.5
1
2
3
1.5
1
2
3
4
1
2
1
3
1.5
1
2
3
1
2
3
1
1
2
3
4
5
6
3
4
5
6
3
4
5
6
3
4
5
6
3
4
5
6
3
4
5
2.5
3.5
1
2
3
4
2
1
3
4
5
6
3
4
5
6
3
4
5
6
3
4
5
6
7
3.5
4.5
5.5
2.75
3.75
4.75
5.75
2.875
3.875
4.875
5.875
2.9375
3.9375
4.9375
5.9375
2.96875
3.96875
4.96875
5.96875
2.98438
3.98438
4.98438
5.98438
2.99219
3.99219
4.99219
5.99219
6.99219
3.49609
4.49609
5.49609
2.74805
3.74805
4.74805
5.74805
6.74805
3.37402
4.37402
5.37402
2.68701
3.68701
4.68701
5.68701
2.84351
3.84351
4.84351
5.84351
2.92175
3.92175
4.92175
5.92175
6.92175
3.46088
4.46088
5.46088
2.73044
3.73044
4.73044
5.73044
6.73044
3.36522
4.36522
5.36522
2.68261
3.68261
4.68261
5.68261
6.68261
3.3413
1
2
3
4
2
1
2
3
4
5
6
3
4
5
6
3
4
5
6
3
4
5
6
7
1
2
1
2
2.5
1.25
2.05
2.5378
1.2689
2
1
3
4
1
2
2.5
3.5
1.75
1
2
3
4
1
2
2.5
3.5
1
2
3
1
1
2
3
4
5
6
7
8
9
10
5
6
7
8
9
10
11
12
13
14
15
16
17
18
19
9.5
10.5
11.5
12.5
13.5
14.5
15.5
16.5
17.5
18.5
19.5
20.5
10.25
11.25
12.25
13.25
14.25
15.25
7.625
8.625
9.625
10.625
11.625
12.625
13.625
14.625
15.625
16.625
17.625
8.8125
9.8125
10.8125
11.8125
12.8125
13.8125
14.8125
15.8125
16.8125
17.8125
18.8125
19.8125
20.8125
20.8125
20.8125
20.8125
20.8125
10.4062
11.4062
12.4062
13.4062
14.4062
15.4062
16.4062
17.4062
8.70312
9.70312
10.7031
5.35156
6.35156
7.35156
3.67578
4.67578
5.67578
2.83789
3.83789
4.83789
5.83789
2.91895
3.91895
4.91895
5.91895
2.95947
3.95947
4.95947
5.95947
2.97974
3.97974
4.97974
5.97974
2.98987
3.98987
4.98987
2.49493
3.49493
4.49493
5.49493
6.49493
3.24747
4.24747
5.24747
2.62373
3.62373
4.62373
5.62373
6.62373
3.31187
4.31187
5.31187
6.31187
3.15593
4.15593
5.15593
6.15593
7.15593
3.57797
4.57797
5.57797
6.57797
7.57797
3.78898
4.78898
5.78898
6.78898
7.78898
8.78898
9.78898
10.789
5.39449
6.39449
7.39449
8.39449
9.39449
10.3945
11.3945
5.69725
6.69725
7.69725
8.69725
4.34862
5.34862
6.34862
7.34862
8.34862
9.34862
10.3486
11.3486
12.3486
6.17431
7.17431
8.17431
4.08716
5.08716
6.08716
3.04358
4.04358
5.04358
6.04358
1
2
1
3
4
5
6
7
8
9
4.5
5.5
6.5
7.5
8.5
9.5
4.75
5.75
6.75
3.375
4.375
5.375
2.6875
3.6875
4.6875
1
2
2.5
3.5
4.5
5.5
6.5
7.5
8.5
9.5
4.75
5.75
6.75
7.75
8.75
9.75
4.875
5.875
6.875
3.4375
4.4375
5.4375
6.4375
3.21875
4.21875
5.21875
2.60938
3.60938
4.60938
5.60938
6.60938
7.60938
8.60938
4.30469
5.30469
6.30469
7.30469
8.30469
9.30469
10.3047
5.15234
6.15234
7.15234
8.15234
9.15234
10.1523
5.07617
6.07617
7.07617
3.53809
4.53809
5.53809
2.76904
3.76904
4.76904
5.76904
6.76904
7.76904
3.88452
4.88452
5.88452
6.88452
3.44226
4.44226
5.44226
6.44226
7.44226
3.72113
4.72113
5.72113
2.86057
3.86057
4.86057
5.86057
6.86057
3.43028
4.43028
5.43028
6.43028
3.21514
4.21514
5.21514
6.21514
3.10757
4.10757
5.10757
6.10757
3.05379
4.05379
5.05379
6.05379
3.02689
4.02689
5.02689
2.51345
3.51345
4.51345
1
2
2.5
3.5
4.5
5.5
2.75
3.75
4.75
5.75
6.75
7.75
8.75
9.75
4.875
5.875
6.875
3.4375
4.4375
5.4375
6.4375
7.4375
8.4375
4.21875
5.21875
6.21875
7.21875
3.60938
4.60938
5.60938
6.60938
7.60938
3.80469
4.80469
5.80469
6.80469
7.80469
3.90234
4.90234
5.90234
6.90234
3.45117
4.45117
5.45117
2.72559
3.72559
4.72559
5.72559
2.86279
3.86279
4.86279
5.86279
6.86279
3.4314
4.4314
5.4314
6.4314
3.2157
4.2157
5.2157
6.2157
3.10785
4.10785
5.10785
6.10785
7.10785
3.55392
4.55392
5.55392
2.77696
3.77696
4.77696
5.77696
2.88848
3.88848
4.88848
5.88848
2.94424
3.94424
4.94424
5.94424
6.94424
3.47212
4.47212
5.47212
6.47212
7.47212
3.73606
4.73606
5.73606
6.73606
7.73606
8.73606
1
1
2
